                    N & & 2 & N ~ 8 6 6 5 & & = & G = &
1 1
K1        01L L[                                       [ J  8   3 1
                                                                   1 3 [
                                                                3 1            1 3     F Ji8 1 18                             1 IF FJ8      81 F [ 1 } [ 1 8 1g 8   7     | 1
1 [                                                    5        1 1                                                                                                       1
          [[                                           8         7      2 3   8 J HH 8 3 2 L 1 [ 5 [ 3 8118 8 2 { 2 V [1                                      8 [   {     1
                                                                                                 1                        8            3     1
                                                       4       L8              2                                          1                                   7     6 8   [
                                                                               9                 I8 9 F 8 8 82                                                            !
               L 1                                     1       H3            W
                                                                              } 3 1              2                                    1 10   1               1 21  11     2 3
     1 3                                               1        1 93                   Li 11                                                                1        | 1  [
                7                                                        2     8 :                                                                            1 9          1 1 1
     1        L                                                          [    J1 2                                         3           8 1
                                                                                        8                                                                     8